# Depth(m)	Temperature(C)
7.000000000000000000e+05	1.700630000000000791e+03
6.960000000000000000e+05	1.676198074534161833e+03
6.920000000000000000e+05	1.651766149068322875e+03
6.880000000000000000e+05	1.629417391304347575e+03
6.840000000000000000e+05	1.609151801242235933e+03
6.800000000000000000e+05	1.588886211180124292e+03
6.760000000000000000e+05	1.574395254658385284e+03
6.720000000000000000e+05	1.559904298136646048e+03
6.680000000000000000e+05	1.547890310559006366e+03
6.640000000000000000e+05	1.538353291925466010e+03
6.600000000000000000e+05	1.528816273291925654e+03
6.560000000000000000e+05	1.522578931677018772e+03
6.520000000000000000e+05	1.516341590062111891e+03
6.480000000000000000e+05	1.511074608695652387e+03
6.440000000000000000e+05	1.506777987577639806e+03
6.400000000000000000e+05	1.502481366459627225e+03
6.360000000000000000e+05	1.499311329192546509e+03
6.320000000000000000e+05	1.496141291925465794e+03
6.280000000000000000e+05	1.493319204968943950e+03
6.240000000000000000e+05	1.490845068322981206e+03
6.200000000000000000e+05	1.488370931677018461e+03
6.160000000000000000e+05	1.486351453416148843e+03
6.120000000000000000e+05	1.484331975155279451e+03
6.080000000000000000e+05	1.482468472049689353e+03
6.040000000000000000e+05	1.480760944099379003e+03
6.000000000000000000e+05	1.479053416149068426e+03
5.960000000000000000e+05	1.477561267080745438e+03
5.920000000000000000e+05	1.476069118012422450e+03
5.880000000000000000e+05	1.474648310559006177e+03
5.840000000000000000e+05	1.473298844720496845e+03
5.800000000000000000e+05	1.471949378881987514e+03
5.760000000000000000e+05	1.470686472049689428e+03
5.720000000000000000e+05	1.469423565217391342e+03
5.680000000000000000e+05	1.468181105590062089e+03
5.640000000000000000e+05	1.466959093167701894e+03
5.600000000000000000e+05	1.465737080745341700e+03
5.560000000000000000e+05	1.464519813664596313e+03
5.520000000000000000e+05	1.463302546583850699e+03
5.480000000000000000e+05	1.462074037267080485e+03
5.440000000000000000e+05	1.460834285714285670e+03
5.400000000000000000e+05	1.459594534161490628e+03
5.360000000000000000e+05	1.458311478260869535e+03
5.320000000000000000e+05	1.457028422360248214e+03
5.280000000000000000e+05	1.455717440993788614e+03
5.240000000000000000e+05	1.454378534161490734e+03
5.200000000000000000e+05	1.453039627329192626e+03
5.160000000000000000e+05	1.451638931677018718e+03
5.120000000000000000e+05	1.450238236024844582e+03
5.080000000000000000e+05	1.448806944099378825e+03
5.040000000000000000e+05	1.447345055900620991e+03
5.000000000000000000e+05	1.445883167701863385e+03
4.960000000000000000e+05	1.444366472049689492e+03
4.920000000000000000e+05	1.442849776397515598e+03
4.880000000000000000e+05	1.441311503105590191e+03
4.840000000000000000e+05	1.439751652173913044e+03
4.800000000000000000e+05	1.438191801242236124e+03
4.760000000000000000e+05	1.436604720496894515e+03
4.720000000000000000e+05	1.435017639751552679e+03
4.680000000000000000e+05	1.433425217391304159e+03
4.640000000000000000e+05	1.431827453416148956e+03
4.600000000000000000e+05	1.430229689440993752e+03
4.560000000000000000e+05	1.428642335403726747e+03
4.520000000000000000e+05	1.427054981366459742e+03
4.480000000000000000e+05	1.425484385093167703e+03
4.440000000000000000e+05	1.423930546583851083e+03
4.400000000000000000e+05	1.422376708074534235e+03
4.360000000000000000e+05	1.420885925465838454e+03
4.320000000000000000e+05	1.419395142857142673e+03
4.280000000000000000e+05	1.417936757763975038e+03
4.240000000000000000e+05	1.416510770186335549e+03
4.200000000000000000e+05	1.415084782608695832e+03
4.160000000000000000e+05	1.413617652173913257e+03
4.120000000000000000e+05	1.412150521739130454e+03
4.080000000000000000e+05	1.410529440993788739e+03
4.040000000000000000e+05	1.408754409937888113e+03
4.000000000000000000e+05	1.406979378881987486e+03
3.960000000000000000e+05	1.404664869565217487e+03
3.920000000000000000e+05	1.402350360248447259e+03
3.880000000000000000e+05	1.399808298136646044e+03
3.840000000000000000e+05	1.397038683229813842e+03
3.800000000000000000e+05	1.394269068322981411e+03
3.760000000000000000e+05	1.391408472049689635e+03
3.720000000000000000e+05	1.388547875776397632e+03
3.680000000000000000e+05	1.385814434782608942e+03
3.640000000000000000e+05	1.383208149068323110e+03
3.600000000000000000e+05	1.380601863354037278e+03
3.560000000000000000e+05	1.378378285714285767e+03
3.520000000000000000e+05	1.376154708074534028e+03
3.480000000000000000e+05	1.374093763975155298e+03
3.440000000000000000e+05	1.372195453416149121e+03
3.400000000000000000e+05	1.370297142857142944e+03
3.360000000000000000e+05	1.368599577639751487e+03
3.320000000000000000e+05	1.366902012422360258e+03
3.280000000000000000e+05	1.365261999999999944e+03
3.240000000000000000e+05	1.363679540372670772e+03
3.200000000000000000e+05	1.362097080745341600e+03
3.160000000000000000e+05	1.360578422360248396e+03
3.120000000000000000e+05	1.359059763975155192e+03
3.080000000000000000e+05	1.357564559006211084e+03
3.040000000000000000e+05	1.356092807453416071e+03
3.000000000000000000e+05	1.354621055900621059e+03
2.960000000000000000e+05	1.353202049689440855e+03
2.920000000000000000e+05	1.351783043478260652e+03
2.880000000000000000e+05	1.350398472049689190e+03
2.840000000000000000e+05	1.349048335403726469e+03
2.800000000000000000e+05	1.347698198757763748e+03
2.760000000000000000e+05	1.346435291925465663e+03
2.720000000000000000e+05	1.345172385093167804e+03
2.680000000000000000e+05	1.343955614906832352e+03
2.640000000000000000e+05	1.342784981366459760e+03
2.600000000000000000e+05	1.341614347826087169e+03
2.560000000000000000e+05	1.340514968944099564e+03
2.520000000000000000e+05	1.339415590062111960e+03
2.480000000000000000e+05	1.338318335403726678e+03
2.440000000000000000e+05	1.337223204968944174e+03
2.400000000000000000e+05	1.336128074534161442e+03
2.360000000000000000e+05	1.334908422360248551e+03
2.320000000000000000e+05	1.333688770186335432e+03
2.280000000000000000e+05	1.332294099378882038e+03
2.240000000000000000e+05	1.330724409937888140e+03
2.200000000000000000e+05	1.329154720496894242e+03
2.160000000000000000e+05	1.326879614906832103e+03
2.120000000000000000e+05	1.324604509316770191e+03
2.080000000000000000e+05	1.321712534161490566e+03
2.040000000000000000e+05	1.318203689440993685e+03
2.000000000000000000e+05	1.314694844720496803e+03
1.960000000000000000e+05	1.309177801242236001e+03
1.920000000000000000e+05	1.303660757763975198e+03
1.880000000000000000e+05	1.296602832298136718e+03
1.840000000000000000e+05	1.288004024844720334e+03
1.800000000000000000e+05	1.279405217391304177e+03
1.760000000000000000e+05	1.266492770186335292e+03
1.720000000000000000e+05	1.253580322981366407e+03
1.680000000000000000e+05	1.238236894409937804e+03
1.640000000000000000e+05	1.220462484472049709e+03
1.600000000000000000e+05	1.202688074534161387e+03
1.560000000000000000e+05	1.180960067080745148e+03
1.520000000000000000e+05	1.159232059627328908e+03
1.480000000000000000e+05	1.136404116770186192e+03
1.440000000000000000e+05	1.112476238509316772e+03
1.400000000000000000e+05	1.088548360248447352e+03
1.360000000000000000e+05	1.063809513043478319e+03
1.320000000000000000e+05	1.039070665838509285e+03
1.280000000000000000e+05	1.014224106832298162e+03
1.240000000000000000e+05	9.892698360248448353e+02
1.200000000000000000e+05	9.643155652173913950e+02
1.160000000000000000e+05	9.392149291925466059e+02
1.120000000000000000e+05	9.141142931677018169e+02
1.080000000000000000e+05	8.889070757763973916e+02
1.040000000000000000e+05	8.635932770186334437e+02
1.000000000000000000e+05	8.382794782608694959e+02
9.600000000000000000e+04	8.127232372670807763e+02
9.200000000000000000e+04	7.871669962732920567e+02
8.800000000000000000e+04	7.613106919254659033e+02
8.400000000000000000e+04	7.351543242236025435e+02
8.000000000000000000e+04	7.089979565217391837e+02
7.600000000000000000e+04	6.798734844720496540e+02
7.200000000000000000e+04	6.507490124223602379e+02
6.800000000000000000e+04	6.167751701863353446e+02
6.400000000000000000e+04	5.779519577639752015e+02
6.000000000000000000e+04	5.391287453416149447e+02
5.600000000000000000e+04	4.805795801242236394e+02
5.200000000000000000e+04	4.220304149068322772e+02
4.800000000000000000e+04	3.518174447204968942e+02
4.400000000000000000e+04	2.699406695652173767e+02
4.000000000000000000e+04	1.880638944099379160e+02
3.600000000000000000e+04	1.128383366459627553e+02
3.200000000000000000e+04	3.761277888198758745e+01
2.800000000000000000e+04	0.000000000000000000e+00
2.400000000000000000e+04	0.000000000000000000e+00
2.000000000000000000e+04	0.000000000000000000e+00
1.600000000000000000e+04	0.000000000000000000e+00
1.200000000000000000e+04	0.000000000000000000e+00
8.000000000000000000e+03	0.000000000000000000e+00
4.000000000000000000e+03	0.000000000000000000e+00
0.000000000000000000e+00	0.000000000000000000e+00
