# Depth(m)	Temperature(C)
7.000000000000000000e+05	1.700630000000000791e+03
6.960000000000000000e+05	1.685234074534161891e+03
6.920000000000000000e+05	1.669838149068322764e+03
6.880000000000000000e+05	1.655452447204968621e+03
6.840000000000000000e+05	1.642076968944099235e+03
6.800000000000000000e+05	1.628701490683229849e+03
6.760000000000000000e+05	1.618533142857142821e+03
6.720000000000000000e+05	1.608364795031055792e+03
6.680000000000000000e+05	1.599763068322981326e+03
6.640000000000000000e+05	1.592727962732919195e+03
6.600000000000000000e+05	1.585692857142857065e+03
6.560000000000000000e+05	1.580969354037266839e+03
6.520000000000000000e+05	1.576245850931676841e+03
6.480000000000000000e+05	1.572198447204968716e+03
6.440000000000000000e+05	1.568827142857142917e+03
6.400000000000000000e+05	1.565455838509316891e+03
6.360000000000000000e+05	1.562716236024844875e+03
6.320000000000000000e+05	1.559976633540372632e+03
6.280000000000000000e+05	1.557356062111801293e+03
6.240000000000000000e+05	1.554854521739130405e+03
6.200000000000000000e+05	1.552352981366459744e+03
6.160000000000000000e+05	1.549953602484472185e+03
6.120000000000000000e+05	1.547554223602484626e+03
6.080000000000000000e+05	1.545203875776397581e+03
6.040000000000000000e+05	1.542902559006211277e+03
6.000000000000000000e+05	1.540601242236024746e+03
5.960000000000000000e+05	1.538409118012422368e+03
5.920000000000000000e+05	1.536216993788819991e+03
5.880000000000000000e+05	1.534076347826087158e+03
5.840000000000000000e+05	1.531987180124223642e+03
5.800000000000000000e+05	1.529898012422360125e+03
5.760000000000000000e+05	1.527891751552794858e+03
5.720000000000000000e+05	1.525885490683229818e+03
5.680000000000000000e+05	1.523910993788819951e+03
5.640000000000000000e+05	1.521968260869565256e+03
5.600000000000000000e+05	1.520025527950310561e+03
5.560000000000000000e+05	1.518135043478260968e+03
5.520000000000000000e+05	1.516244559006211148e+03
5.480000000000000000e+05	1.514374062111801322e+03
5.440000000000000000e+05	1.512523552795031037e+03
5.400000000000000000e+05	1.510673043478260752e+03
5.360000000000000000e+05	1.508841937888198800e+03
5.320000000000000000e+05	1.507010832298136847e+03
5.280000000000000000e+05	1.505177428571428663e+03
5.240000000000000000e+05	1.503341726708074702e+03
5.200000000000000000e+05	1.501506024844720514e+03
5.160000000000000000e+05	1.499647341614906736e+03
5.120000000000000000e+05	1.497788658385093186e+03
5.080000000000000000e+05	1.495915341614906765e+03
5.040000000000000000e+05	1.494027391304347930e+03
5.000000000000000000e+05	1.492139440993788867e+03
4.960000000000000000e+05	1.490232236024844724e+03
4.920000000000000000e+05	1.488325031055900581e+03
4.880000000000000000e+05	1.486418335403726587e+03
4.840000000000000000e+05	1.484512149068322969e+03
4.800000000000000000e+05	1.482605962732919352e+03
4.760000000000000000e+05	1.480721788819875883e+03
4.720000000000000000e+05	1.478837614906832187e+03
4.680000000000000000e+05	1.476972024844720409e+03
4.640000000000000000e+05	1.475125018633540321e+03
4.600000000000000000e+05	1.473278012422360234e+03
4.560000000000000000e+05	1.471466161490683135e+03
4.520000000000000000e+05	1.469654310559006035e+03
4.480000000000000000e+05	1.467851192546583661e+03
4.440000000000000000e+05	1.466056807453416013e+03
4.400000000000000000e+05	1.464262422360248365e+03
4.360000000000000000e+05	1.462455515527950183e+03
4.320000000000000000e+05	1.460648608695652001e+03
4.280000000000000000e+05	1.458821515527950169e+03
4.240000000000000000e+05	1.456974236024844686e+03
4.200000000000000000e+05	1.455126956521739203e+03
4.160000000000000000e+05	1.453236596273291980e+03
4.120000000000000000e+05	1.451346236024844757e+03
4.080000000000000000e+05	1.449455689440993865e+03
4.040000000000000000e+05	1.447564956521739077e+03
4.000000000000000000e+05	1.445674223602484290e+03
3.960000000000000000e+05	1.443852037267080505e+03
3.920000000000000000e+05	1.442029850931676947e+03
3.880000000000000000e+05	1.440270459627329046e+03
3.840000000000000000e+05	1.438573863354037258e+03
3.800000000000000000e+05	1.436877267080745241e+03
3.760000000000000000e+05	1.435308596273291869e+03
3.720000000000000000e+05	1.433739925465838496e+03
3.680000000000000000e+05	1.432217937888198776e+03
3.640000000000000000e+05	1.430742633540372708e+03
3.600000000000000000e+05	1.429267329192546640e+03
3.560000000000000000e+05	1.427838161490683206e+03
3.520000000000000000e+05	1.426408993788819771e+03
3.480000000000000000e+05	1.424980385093167797e+03
3.440000000000000000e+05	1.423552335403726829e+03
3.400000000000000000e+05	1.422124285714285861e+03
3.360000000000000000e+05	1.420660857142857139e+03
3.320000000000000000e+05	1.419197428571428645e+03
3.280000000000000000e+05	1.417706037267080774e+03
3.240000000000000000e+05	1.416186683229813525e+03
3.200000000000000000e+05	1.414667329192546504e+03
3.160000000000000000e+05	1.413093118012422337e+03
3.120000000000000000e+05	1.411518906832298171e+03
3.080000000000000000e+05	1.409935701863354097e+03
3.040000000000000000e+05	1.408343503105590116e+03
3.000000000000000000e+05	1.406751304347826135e+03
2.960000000000000000e+05	1.405195627329192575e+03
2.920000000000000000e+05	1.403639950310559016e+03
2.880000000000000000e+05	1.402114571428571480e+03
2.840000000000000000e+05	1.400619490683229969e+03
2.800000000000000000e+05	1.399124409937888458e+03
2.760000000000000000e+05	1.397640335403726795e+03
2.720000000000000000e+05	1.396156260869565358e+03
2.680000000000000000e+05	1.394633180124223600e+03
2.640000000000000000e+05	1.393071093167701974e+03
2.600000000000000000e+05	1.391509006211180122e+03
2.560000000000000000e+05	1.389807739130434811e+03
2.520000000000000000e+05	1.388106472049689501e+03
2.480000000000000000e+05	1.386344919254658407e+03
2.440000000000000000e+05	1.384523080745341531e+03
2.400000000000000000e+05	1.382701242236024655e+03
2.360000000000000000e+05	1.380827105590062047e+03
2.320000000000000000e+05	1.378952968944099212e+03
2.280000000000000000e+05	1.377080695652173745e+03
2.240000000000000000e+05	1.375210285714285646e+03
2.200000000000000000e+05	1.373339875776397548e+03
2.160000000000000000e+05	1.371454211180124275e+03
2.120000000000000000e+05	1.369568546583850775e+03
2.080000000000000000e+05	1.367599068322981111e+03
2.040000000000000000e+05	1.365545776397515283e+03
2.000000000000000000e+05	1.363492484472049455e+03
1.960000000000000000e+05	1.360876136645962561e+03
1.920000000000000000e+05	1.358259788819875666e+03
1.880000000000000000e+05	1.354930757763975180e+03
1.840000000000000000e+05	1.350889043478260874e+03
1.800000000000000000e+05	1.346847329192546567e+03
1.760000000000000000e+05	1.339910111801242238e+03
1.720000000000000000e+05	1.332972894409937908e+03
1.680000000000000000e+05	1.323641440993788819e+03
1.640000000000000000e+05	1.311915751552794973e+03
1.600000000000000000e+05	1.300190062111801126e+03
1.560000000000000000e+05	1.282146757763975074e+03
1.520000000000000000e+05	1.264103453416149023e+03
1.480000000000000000e+05	1.243141068322981255e+03
1.440000000000000000e+05	1.219259602484471998e+03
1.400000000000000000e+05	1.195378136645962741e+03
1.360000000000000000e+05	1.168208447204968934e+03
1.320000000000000000e+05	1.141038757763975354e+03
1.280000000000000000e+05	1.113222383850931919e+03
1.240000000000000000e+05	1.084759325465838629e+03
1.200000000000000000e+05	1.056296267080745338e+03
1.160000000000000000e+05	1.027166557763975106e+03
1.120000000000000000e+05	9.980368484472048749e+02
1.080000000000000000e+05	9.686714136645962299e+02
1.040000000000000000e+05	9.390702534161490576e+02
1.000000000000000000e+05	9.094690931677018852e+02
9.600000000000000000e+04	8.794791801242236033e+02
9.200000000000000000e+04	8.494892670807453214e+02
8.800000000000000000e+04	8.191698484472049131e+02
8.400000000000000000e+04	7.885209242236024920e+02
8.000000000000000000e+04	7.578720000000000709e+02
7.600000000000000000e+04	7.243216198757763777e+02
7.200000000000000000e+04	6.907712397515527982e+02
6.800000000000000000e+04	6.525146211180123146e+02
6.400000000000000000e+04	6.095517639751551542e+02
6.000000000000000000e+04	5.665889068322979938e+02
5.600000000000000000e+04	5.042886459627328577e+02
5.200000000000000000e+04	4.419883850931676648e+02
4.800000000000000000e+04	3.679754074534161532e+02
4.400000000000000000e+04	2.822497130434782662e+02
4.000000000000000000e+04	1.965240186335403507e+02
3.600000000000000000e+04	1.179144111801242047e+02
3.200000000000000000e+04	3.930480372670806588e+01
2.800000000000000000e+04	0.000000000000000000e+00
2.400000000000000000e+04	0.000000000000000000e+00
2.000000000000000000e+04	0.000000000000000000e+00
1.600000000000000000e+04	0.000000000000000000e+00
1.200000000000000000e+04	0.000000000000000000e+00
8.000000000000000000e+03	0.000000000000000000e+00
4.000000000000000000e+03	0.000000000000000000e+00
0.000000000000000000e+00	0.000000000000000000e+00
